X=[0 0 0;
   1 0 0; 
   0 1 0;
   0 0 1;
   1 1 1];
C=[1 2 3 4;
   2 3 4 5];